camera_matrix:
- - 805.0733067570835
  - 0.0
  - 297.95176573797306
- - 0.0
  - 802.9596347295975
  - 245.41163727859106
- - 0.0
  - 0.0
  - 1.0
dist_coeff:
- - 0.08176316150435248
  - -0.4368658215664255
  - 0.0047366805847602
  - -0.00944030663562568
  - 2.3809552591108334
